1 33
1 38
2 2
2 40
2 14
3 28
3 25
3 44
3 52
3 11
3 47
4 38
4 53
5 12
5 18
5 60
5 37
5 51
5 1
5 17
6 39
6 26
6 9
7 44
7 57
7 36
7 6
8 54
8 5
8 1
8 49
9 28
9 30
9 20
10 43
10 26
11 48
11 59
11 20
11 54
12 30
12 26
13 21
13 6
13 32
14 60
14 20
14 1
14 41
14 32
15 51
15 22
15 23
16 54
16 46
17 13
17 9
17 55
18 8
18 47
19 35
19 25
19 16
20 7
21 28
21 20
21 42
21 2
21 31
21 4
21 27
23 60
23 33
23 49
24 28
24 13
25 35
25 15
25 44
25 42
25 40
25 29
25 4
26 18
26 48
26 57
26 26
26 9
27 15
27 16
27 42
27 11
28 22
28 17
30 39
30 15
30 20
30 36
31 16
31 43
31 22
31 58
31 40
31 49
31 14
32 36
32 40
32 49
32 50
33 59
33 20
33 42
33 10
34 48
34 37
34 46
34 22
34 38
36 18
36 16
36 26
36 6
36 45
37 44
37 59
37 58
37 2
37 7
37 9
37 27
37 6
38 57
38 6
39 35
39 26
39 38
40 18
40 34
40 42
40 58
40 10
40 14
41 16
41 42
41 10
41 53
42 12
42 59
43 57
43 37
43 9
43 17
43 23
44 35
44 38
44 55
44 50
46 34
46 58
47 39
47 20
47 29
48 30
48 25
48 51
48 56
48 40
48 49
48 41
49 15
49 51
50 6
51 54
51 32
52 52
52 33
52 8
53 21
53 59
53 3
53 55
54 16
54 20
54 5
55 60
55 16
55 26
55 8
55 31
55 7
55 55
55 27
55 32
56 48
56 54
56 5
56 36
56 58
56 9
57 42
57 26
57 40
58 15
58 60
58 34
58 49
58 14
58 41
59 33
59 55
59 11
60 43
