1 52
1 116
1 16
2 120
2 20
2 108
3 92
3 76
3 16
4 48
4 8
5 28
5 120
5 92
5 116
5 20
5 16
6 116
6 112
7 28
7 56
7 64
7 88
7 20
7 16
8 120
8 112
8 60
8 108
9 104
9 88
9 16
10 72
10 56
10 44
10 120
10 88
10 48
11 28
11 56
11 64
11 116
11 16
12 28
12 56
12 104
12 116
12 76
12 36
12 16
13 104
13 84
14 104
14 64
14 120
14 116
15 68
15 112
15 36
15 40
15 8
16 116
16 48
16 20
17 84
17 32
17 116
18 44
18 120
18 92
18 112
18 80
19 100
19 28
19 68
19 56
19 84
19 116
19 112
20 68
20 24
20 36
21 100
21 44
21 80
21 16
22 40
23 28
23 48
23 8
24 68
24 36
24 16
24 12
25 64
25 52
25 60
26 44
26 32
26 40
27 56
27 88
27 60
27 40
27 12
28 64
28 32
29 28
29 68
29 120
29 76
30 28
30 64
30 120
30 20
30 108
31 28
31 68
31 120
31 84
31 48
31 76
32 72
32 64
32 12
33 68
33 116
34 72
34 4
34 92
34 80
34 40
35 28
35 72
35 104
35 24
35 112
35 8
36 28
36 76
36 16
36 40
36 8
37 40
38 68
38 104
38 120
38 76
38 16
38 40
39 92
40 56
40 116
40 80
40 12
41 84
41 48
42 64
42 112
42 80
42 76
42 36
42 16
42 12
43 4
43 76
43 36
44 72
44 64
44 88
44 48
44 20
45 100
45 28
45 112
46 104
46 116
47 64
47 48
47 40
48 44
48 120
48 32
48 76
48 16
48 8
49 100
49 112
49 20
49 108
50 56
50 24
50 4
50 84
50 16
50 12
50 8
51 72
51 120
51 84
51 60
51 8
52 4
52 88
53 72
53 56
53 52
53 112
53 80
54 32
55 104
55 60
56 92
56 112
56 108
56 8
57 24
57 88
57 76
58 64
58 24
58 32
58 80
58 60
58 12
59 100
59 28
59 76
60 44
60 84
60 92
60 80
61 56
61 44
61 92
61 60
61 20
61 16
62 52
62 24
62 96
62 16
63 68
63 52
63 24
63 88
63 96
63 20
63 16
64 68
64 80
64 8
66 64
66 120
67 68
67 44
67 24
67 120
67 112
67 108
68 68
68 4
68 112
68 80
68 40
70 56
70 104
70 64
70 96
70 108
71 24
71 92
71 80
72 112
73 72
73 4
73 120
73 112
73 20
73 36
73 108
74 24
74 4
74 32
74 80
75 36
75 16
76 48
76 40
76 8
77 56
77 52
77 24
77 88
77 84
77 32
77 48
78 44
78 116
78 76
78 36
79 28
79 64
79 24
79 112
80 24
80 120
80 88
81 80
81 8
82 104
82 64
82 8
83 120
83 88
83 112
84 64
84 32
85 68
85 4
85 84
85 48
85 36
85 108
86 100
86 52
86 24
86 48
86 20
86 36
87 72
87 68
87 56
87 52
87 84
87 76
88 32
88 96
88 48
88 40
88 12
89 68
89 64
89 96
89 112
89 60
90 72
90 120
90 88
90 60
90 12
91 100
91 64
91 84
91 116
91 76
91 8
92 64
92 4
92 92
92 60
92 36
92 40
92 8
93 100
93 120
93 92
93 40
94 44
94 104
94 88
94 20
94 108
95 72
95 44
95 60
95 108
95 8
96 120
96 60
96 12
97 104
97 52
97 20
98 44
98 4
98 88
98 84
98 92
98 8
99 4
99 120
100 16
102 100
102 40
103 4
103 32
103 60
104 80
104 8
105 28
105 120
106 64
106 52
106 120
106 84
106 112
107 32
108 56
108 52
108 120
108 60
108 36
109 104
109 120
109 80
110 56
110 104
110 52
110 92
110 112
110 80
110 60
111 80
111 8
112 100
112 64
112 24
112 40
113 76
114 112
114 80
115 56
115 76
115 20
116 4
116 88
116 80
116 12
117 100
117 28
117 56
117 120
117 116
117 16
118 28
118 64
118 24
119 52
119 92
119 112
119 80
119 20
120 120
120 116
120 80
120 40
